Modifying: tony morelli 2014/02/06 10:37:46
Old: 80,4.0
New: 15,3.9842105263157896

Modifying: sam smith 2014/02/06 10:37:49
Old: 40,2.0
New: 18,2.1862068965517243

Modifying: stan smithless 2014/02/06 10:37:53
Old: 173,1.3
New: 12,1.3064864864864865

